12:19:54,-7.1395705,107.5126805,124467,1.37,282.76,256.9,10.46,2638,0,0.09,0.01,1,0,0,0,-93.73,29.15,24.74,-1.01,-5.09,-64.04,27.1,42,#
12:19:55,-7.139571167,107.5126802,124477,1.41,282.76,241,10.46,2504,0,0.09,0.01,1,0,0,0,-93.46,29.03,24.65,-1.01,-5.09,-64.04,27.1,41,#
12:19:57,-7.139577333,107.5126702,124477,1.81,268.09,256.8,10.44,2678,0,0.09,0.01,1,0,0,0,-93.17,29.1,24.53,-1.01,-5.1,-64.04,27.1,41,#
12:19:58,-7.139578,107.512667,124477,1.8,272.06,243.9,10.45,2540,0,0.09,0.01,1,0,0,0,-93.37,29.12,24.58,-1.01,-5.09,-64.04,27.1,41,#
12:19:59,-7.139578333,107.5126623,124477,1.85,277.23,258.3,10.45,2660,0,0.09,0.01,1,0,0,0,-93.31,29.09,24.54*,12:20:04,-7.139596667,107.5126517,124477,1.02,157.39
12:20:05,-7.139596167,107.5126503,124467,1.2,157.39,257.3,10.44,2654,0,0.09,0.01,1,0,0,0,-93.29,29.17,24.63,-1.01,-5.1,-64.04,27.3,41,#
12:20:06,-7.139596333,107.5126482,124467,1.28,157.39,245.7,10.48,2542,0,0.09,0.01,1,0,0,0,-93.3,29.12,24.66,-1.01,-5.11,-64.04,27.3,41,#
12:20:07,-7.139595333,107.5126465,124467,1.41,157.39,257.6,10.45,2696,0,0.09,0.01,1,0,0,0,-93.3,29.05,24.59,-1.01,-5.1,-64.04,27.2,41,#
12:20:08,-7.139597167,107.5126405,124477,1.76,157.39,243.7,10.45,2552,0,0.09,0.01,1,0,0,0,-93.32,29.19,24.9,-1.01,-5.1,-64.04,27.2,41,#
12:20:10,-7.139602833,107.5126347,124477,1.15,157.39,263.2,10.45,2710,0,0.09,0.01,1,0,0,0,-93.35,29.16,24.65*,12:20:14,-7.139604,107.5126113,124477,1.31,245.62
12:20:15,-7.139603167,107.5126063,124458,1.54,272.67,262.6,10.42,2730,0,0.09,0.01,1.01,-0.24,-4.09,0.61,-92.1,29.82,24.26,-0.87,-5,-64.03,27.3,41,#
12:20:17,-7.139595833,107.5125823,124458,2.07,284.47,243.2,10.45,2592,0,0.09,-0.02,1.01,0.06,3.78,-0.49,-92.97,29.56,24.43,-0.83,-4.96,-64,27.3,41,#
12:20:18,-7.1395955,107.5125788,124449,1.57,282.82,259.8,10.4,2678,0,0.09,0.04,1,-0.92,-8.48,0.85,-92.15,29.12,24.3,-0.8,-4.99,-63.93,27.3,41,#
12:20:19,-7.139593667,107.5125737,124458,1.91,282.93,244.7,10.45,2614,0,0.06,0.04,0.98,-0.55,-7.14,0,-92.3,29.69,24.27,-0.79,-5,-63.93,27.2,40,#
12:20:24,-7.139588333,107.5125618,124994,2.72,291.31,197.8,9.97,1934,0,0.06,-0.13,0.96,0.49,8.18,-5.8,-82.5,20.89,27.33,-5.82,-0.86,-59.56,26.6,41,#
12:20:26,-7.139588333,107.5125618,125126,2.72,291.31,246.8,9.89,2468,0,0.01,-0.01,0.97,3.11,11.35,-0.24,-82.43,22.29,27.55,-5.53,-1.48,-58.42,26.2,41,#
12:20:27,-7.139588333,107.5125618,125229,2.72,291.31,273.4,9.83,2706,0,-0.04,-0.19,0.96,-8,-7.32,0.31,-81.41,20.97,29.17,-8.5,-4.95,-57.62,26,41,#
12:20:28,-7.139588333,107.5125618,125351,2.72,291.31,276.7,9.8,2730,0,0.12,-0.04,1.02,-32.41,-32.1,1.04,-80.74,21.97,26.1,-8.66,-1.04,-59.04,26,41,#
12:20:29,-7.139588333,107.5125618,125445,2.72,291.31,260.3,9.86,2572,0,-0.02,-0.17,0.98,12.82,16.6,-3.36,-82.3,22.85,25.85,-3.11,-0.13,-59.21,25.8,41,#
12:20:35,-7.139588333,107.5125618,126048,2.72,291.31,200.2,9.88,1908,0,0.02,-0.05,0.93,7.2,-2.75,3.23,-82.5,21.06,26.86,-7.49,-1.89,-61.29,25.1,41,#
12:20:36,-7.139588333,107.5125618,126104,2.72,291.31,274.5,9.75,2582,0,0,-0.13,1.07,6.35,-11.96,1.53,-81.69,19.39,27.88,-8.91,-3.09,-61.39,25.1,41,#
12:20:37,-7.139588333,107.5125618,126245,2.72,291.31,278.6,9.72,2706,0,0.01,-0.06,1.09,-1.95,-3.3,-0.92,-82.27,20.59,27.6,-8.23,-1.51,-60.73,24.9,42,#
12:20:39,-7.139588333,107.5125618,126339,2.72,291.31,257.2,9.83,2474,0,0,0.03,0.98,1.04,18.25,-1.83,-81.45,20.96,28.32,-7.22,-4.69,-61.13,24.9,42,#
12:20:40,-7.139588333,107.5125618,126471,2.72,291.31,270.1,9.72,2606,0,0.05,-0.04,1.08,-5.86,-7.63,3.54,-82.28,19.53,27.52,-9.14,-2.66,-61.22,24.6,42,#
12:20:46,-7.139588333,107.5125618,127112,2.72,291.31,219.9,9.81,2064,0,0.06,-0.14,1.06,9.77,0.79,-0.37,-83.3,22.38,26.4,-4.83,-3.64,-61.56,23.9,43,#
12:20:47,-7.139588333,107.5125618,127102,2.72,291.31,278.3,9.74,2634,0,0.04,0.13,0.98,-2.99,-2.38,-0.18,-85.26,20.95,26.45,-5.83,-1.58,-63.41,23.7,44,#
12:20:48,-7.139588333,107.5125618,127084,2.72,291.31,316,9.64,3058,0,-0.06,0.02,0.98,7.69,-6.47,2.08,-84.06,20.48,26.71,-5.47,-2.05,-62.46,23.7,44,#
12:20:49,-7.139588333,107.5125618,127084,2.72,291.31,262.3,9.76,2618,0,0.15,-0.07,1.06,7.2,-13.98,2.2,-82.81,21.25,26.86,-4.97,-1.75,-61.58,23.4,44,#
12:20:50,-7.139588333,107.5125618,127055,2.72,291.31,270.5,9.72,2618,0,0.04,-0.12,1.08,-0.06,8.54,3.72,-84.7,21.86,26.18,-3.7,-0.67,-62.19,23.4,44,#
12:20:56,-7.139588333,107.5125618,127121,2.72,291.31,188.4,9.85,1854,0,-0.04,-0.18,0.98,7.57,-9.28,-6.47,-84.66,21.64,26.81,-4.67,-1.06,-59.28,22.8,45,#
12:20:57,-7.139588333,107.5125618,127046,2.72,291.31,265.1,9.7,2520,0,-0.04,-0.04,1.07,0,-6.9,-1.22,-84.05,21.8,26.65,-4.08,-2.63,-59.94,22.7,46,#
12:20:59,-7.139588333,107.5125618,126999,2.72,291.31,272.8,9.68,2670,0,-0.04,-0.15,0.99,1.77,-60.67,-6.35,-84.53,22.51,26.61,-5.09,-2.46,-59.75,22.7,46,#
12:21:00,-7.139588333,107.5125618,127121,2.72,291.31,322.5,9.66,3064,0,0,-0.18,0.99,3.05,11.11,-2.5,-83.74,21.97,27.45,-5.47,-2.79,-60.17,22.4,46,#
12:21:01,-7.139588333,107.5125618,127121,2.72,291.31,275.7,9.67,2642,0,-0.04,-0.16,1.02,1.83,-29.36,-3.05,-83.51,21.11,28.02,-6.04,-5.23,-60.21,22.2,46,#
12:21:07,-7.139588333,107.5125618,127159,2.72,291.31,193.2,9.74,1862,0,0.03,0.04,0.92,1.89,1.77,-5.92,-82.19,21.1,28.05,-8.86,-1.25,-56.05,21.8,48,#
12:21:08,-7.139588333,107.5125618,127140,2.72,291.31,263.3,9.65,2506,0,-0.05,-0.2,0.99,-8,19.65,-5.31,-85.28,20.86,25.89,-6.08,0.29,-61.77,21.8,48,#
12:21:10,-7.139588333,107.5125618,127178,2.72,291.31,277.8,9.57,2632,0,0.01,0.14,1.09,3.05,-6.59,-0.92,-80.63,19.19,27.55,-6.27,-3.83,-61.11,21.6,48,#
12:21:12,-7.139588333,107.5125618,127149,2.72,291.31,279.7,9.58,2628,0,-0.01,-0.06,1.01,13.37,5.07,2.81,-83.25,22.48,26.89,-3.5,-3.98,-59.97,21.5,48,#
12:21:18,-7.139588333,107.5125618,127178,2.72,291.31,201.3,9.72,1682,0,0.05,-0.03,1.01,-2.69,9.77,1.59,-83.62,21.32,26.61,-5.34,-0.41,-59.57,21,51,#
12:21:19,-7.139588333,107.5125618,127168,2.72,291.31,278.3,9.58,2608,0,0.19,-0.1,1.04,-6.29,4.33,0.18,-85.62,20.88,27.2,-6.23,-1.5,-60.98,21,51,#
12:21:20,-7.139588333,107.5125618,127131,2.72,291.31,280.2,9.58,2606,0,0.04,-0.05,1.04,5.98,5.19,4.76,-82.35,20.59,28.09,-6.41,-3.72,-59.61,21,52,#
12:21:21,-7.139588333,107.5125618,127102,2.72,291.31,271.9,9.6,2566,0,0.08,0,1.02,-12.7,14.59,-7.02,-85.49,21.89,26.98,-8.98,-0.66,-60.33,20.9,53,#
12:21:22,-7.139588333,107.5125618,127084,2.72,291.31,279.4,9.67,2624,0,-0.06,0.01,0.41,-0.31,-15.38,-3.3,-84.19,20.45,29.72,-8.06,-9.2,-63.59,20.9,53,#
12:21:28,-7.139588333,107.5125618,127140,2.72,291.31,170.9,9.63,1580,0,0.01,-0.1,0.95,5.62,-13.61,-3.6,-83.26,19.53,28.54,-8.42,-4.86,-61.68,20.7,53,#
12:21:29,-7.139588333,107.5125618,127159,2.72,291.31,273.5,9.58,2612,0,-0.05,-0.12,0.84,5.74,3.36,2.32,-83.55,19.9,28.1,-7.7,-4,-62.3,20.6,53,#
12:21:31,-7.139588333,107.5125618,127168,2.72,291.31,259.7,9.54,2376,0,0.08,-0.07,0.96,2.26,-1.77,-0.92,-83.68,20.12,27.95,-6.61,-4.05,-62.7,20.6,53,#
12:21:32,-7.139588333,107.5125618,127178,2.72,291.31,278.8,9.55,2618,0,0.03,-0.16,0.81,-2.44,15.87,0.06,-83.58,20.62,27.99,-6.65,-3.25,-61.27,20.4,53,#
12:21:33,-7.139588333,107.5125618,127140,2.72,291.31,251,9.52,2346,0,0.07,-0.07,0.99,5.68,-9.34,1.04,-84.13,19.95,28.29,-6.56,-4.09,-62.82,20.4,53,#
12:21:39,-7.139588333,107.5125618,127112,2.72,291.31,166.7,9.66,1622,0,0.17,-0.06,0.98,-8.24,-2.62,2.01,-84.14,19.46,28.54,-7.72,-4.78,-62.57,20.2,54,#
12:21:40,-7.139588333,107.5125618,127131,2.72,291.31,287.7,9.49,2642,0,0.13,-0.14,0.94,-4.52,3.48,1.16,-81.41,20.15,28.85,-8.15,-4.1,-61.16,20.1,54,#
12:21:41,-7.139588333,107.5125618,127131,2.72,291.31,275.3,9.48,2606,0,0.18,-0.03,0.96,-2.01,-6.59,0.12,-83.83,19.56,27.83,-8.25,-2.95,-63.3,20.1,54,#
12:21:42,-7.139588333,107.5125618,127131,2.72,291.31,272,9.5,2614,0,0.08,-0.11,1.05,-4.21,-0.43,-3.6,-84.74,19.34,27.95,-7.65,-3.22,-64.24,20,54,#
12:21:44,-7.139588333,107.5125618,127140,2.72,291.31,283.4,9.55,2608,0,0.04,-0.02,1.02,1.16,-16.3,6.41,-83.81,19.5,28.39,-7.52,-4.73,-63.12,20,54,#
12:21:49,-7.139588333,107.5125618,127498,2.72,291.31,180.5,9.48,1798,0,0.17,-0.14,1.13,2.08,6.16,-1.77,-81.99,17.72,29.2,-11.15,-4.06,-63.93,19.7,55,#
12:21:51,-7.139588333,107.5125618,127724,2.72,291.31,274.5,9.4,2598,0,0.04,-0.14,1.05,-1.71,-1.65,0.67,-82.73,18.62,28.19,-11.56,-3.05,-63.42,19.7,55,#
12:21:52,-7.139588333,107.5125618,127819,2.72,291.31,286.9,9.46,2670,0,0.04,-0.07,0.96,1.04,18.43,2.93,-86.16,20.96,25.99,-9.41,-0.83,-63.34,19.7,55,#
12:21:53,-7.139588333,107.5125618,127856,2.72,291.31,283.1,9.43,2706,0,0.01,-0.03,1.01,-7.69,-6.1,-0.43,-82.74,19.35,29.1,-11.11,-5.19,-61.78,19.7,55,#
12:21:54,-7.139588333,107.5125618,127838,2.72,291.31,281.8,9.44,2634,0,0.09,-0.1,0.95,3.36,-15.14,-1.4,-82.89,19.2,29.03,-8.42,-4.75,-61.36,19.6,55,#
12:22:00,-7.139588333,107.5125618,127781,2.72,291.31,198.1,9.56,1852,0,-0.04,-0.11,1.01,2.2,-12.02,-0.37,-82.85,19.37,28.83,-7.65,-4.6,-62.42,19.5,56,#
12:22:01,-7.139588333,107.5125618,127800,2.72,291.31,258.7,9.44,2434,0,0.04,-0.19,0.98,5.07,3.78,-0.31,-82.91,20.21,28.94,-7.23,-4.24,-61.92,19.5,56,#
12:22:02,-7.139588333,107.5125618,127809,2.72,291.31,280.2,9.46,2582,0,0.01,-0.08,0.98,1.34,-3.54,-0.61,-83.2,19.87,28.67,-6.49,-3.76,-62.14,19.4,55,#
12:22:04,-7.139588333,107.5125618,127809,2.72,291.31,276.3,9.39,2566,0,-0.04,0.07,1.08,-5.07,-3.97,-1.59,-83.47,19.15,28.31,-6.94,-3.09,-62.41,19.4,56,#
12:22:05,-7.139588333,107.5125618,127838,2.72,291.31,277.1,9.46,2592,0,0.05,-0.13,1.06,2.38,-4.27,4.09,-84.23,20.01,26.97,-6.8,-1.91,-62,19.4,56,#
12:22:11,-7.139588333,107.5125618,127809,2.72,291.31,172.5,9.58,1678,0,0.04,0,0.98,3.11,6.41,2.87,-81.89,20,28.09,-7.63,-3.38,-62.41,19.1,56,#
12:22:12,-7.139588333,107.5125618,127800,2.72,291.31,283.1,9.38,2608,0,0.05,-0.11,0.97,-7.08,-18.86,-5,-84.18,20.19,27.73,-7.38,-2.48,-63.04,18.9,56,#
12:22:14,-7.139588333,107.5125618,127800,2.72,291.31,280.7,9.4,2654,0,-0.04,-0.24,1.05,3.11,-0.06,0.61,-84.55,19.72,27.65,-6.26,-2.89,-64.13,18.9,57,#
12:22:15,-7.139588333,107.5125618,127800,2.72,291.31,284.2,9.41,2576,0,0.13,0.03,1.01,0.31,6.35,-2.44,-83.33,21.59,27.78,-6.6,-2.79,-62.62,18.9,57,#
12:22:17,-7.139588333,107.5125618,127800,2.72,291.31,260.40*,12:22:21,-7.139588333,107.5125618,127790,2.72,291.31,176.6,9.49,1678,0,0.02,-0.54,0.88,1.22,-0.37,-2.56,-83.73,19.09
12:22:23,-7.139588333,107.5125618,127781,2.72,291.31,281.5,9.42,2608,0,-0.07,0.03,1.15,8.54,18.98,2.2,-83.86,20.99,27.43,-6.27,-1.25,-62.98,18.5,58,#
12:22:25,-7.139588333,107.5125618,127790,2.72,291.31,276.8,9.41,2614,0,0.02,-0.18,1.01,-3.11,-3.11,-2.5,-83.69,21.2,27.63,-5.55,-3.57,-62.51,18.4,58,#
12:22:26,-7.139588333,107.5125618,127809,2.72,291.31,262.2,9.41,2428,0,-0.03,0.06,0.97,-3.05,-13.61,-1.46,-84.74,20.92,26.94,-5.42,-1.44,-62.74,18.4,58,#
12:22:32,-7.139588333,107.5125618,127828,2.72,291.31,198.8,9.44,1890,0,-0.01,0.04,0.97,-6.04,-12.76,-0.92,-83.77,19.91,28.2,-9.53,-2.77,-62.7,18.2,59,#
12:22:33,-7.139588333,107.5125618,127800,2.72,291.31,276.7,9.4,2642,0,0.14,-0.02,1.03,8.61,7.63,2.2,-80.47,19.53,28.39,-9.12,-2.95,-63,18.2,59,#
12:22:34,-7.139588333,107.5125618,127809,2.72,291.31,264.9,9.4,2490,0,0.26,0.08,0.94,-4.15,-5.74,0,-84,19.6,28.22,-9.28,-2.05,-63.72,18.2,59,#
12:22:36,-7.139588333,107.5125618,127819,2.72,291.31,284.3,9.34,2588,0,-0.01,-0.11,0.98,-4.76,-7.14,2.99,-84.34,19.19,27.95,-7.87,-2.91,-63.03,18.2,59,#
12:22:37,-7.139588333,107.5125618,127838,2.72,291.31,267.5,9.42,2596,0,0.12,-0.11,1.03,-2.99,11.84,3.23,-83.29,18.96,28.66,-7.06,-3.78,-63.23,18.1,59,#
12:23:26,-7.139665167,107.5123558,126161,7.91,95.94,274.8,9.34,2542,0,0.04,-0.06,1.01,-3.91,-1.46,0.98,-85.2,19.6,28.16,-10.79,1.28,-63.54,18,60,#
12:23:27,-7.139665167,107.5123558,126029,7.91,95.94,262.6,9.33,2490,0,0.04,-0.05,0.98,-4.09,22.34,3.48,-84.17,20.58,27.61,-8.11,0.19,-62.63,18,60,#
12:23:28,-7.139665167,107.5123558,125972,7.91,95.94,325.7,9.3,2910,0,0.01,-0.12,1.05,6.29,-33.26,-1.83,-83.99,20.06,28.38,-9.2,-4.05,-63.01,17.9,60,#
12:23:30,-7.139667167,107.512485,125878,7.91,95.94,266.5,9.39,2506,0,0,-0.03,0.95,-2.56,-17.82,-2.44,-85.37,19.63,27.66,-9.34,-0.54,-63.98,17.9,60,#
12:23:36,-7.139651333,107.512547,125502,7.91,95.94,191.4,9.46,1792,0,-0.02,-0.11,1.06,-19.53,5.37,1.53,-83.97,18.78,29.48,-14.54,-1.02,-61.68,17.9,60,#
12:23:37,-7.139651333,107.512547,125398,7.91,95.94,277,9.29,2576,0,0.02,-0.29,1.04,-5.86,5.31,1.1,-82.84,21.04,27.4,-9.81,-1.71,-60.92,18,60,#
12:23:38,-7.139651333,107.512547,125323,7.91,95.94,268.2,9.32,2504,0,0.08,-0.12,1.06,-2.99,-6.77,3.97,-82.78,21.9,27.02,-6.86,-0.97,-59.74,18,60,#
12:23:39,-7.139651333,107.512547,125257,7.91,95.94,282.4,9.35,2592,0,-0.05,-0.18,0.88,11.96,11.9,-2.5,-85.27,21.13,26.66,-6.73,-1.83,-63.14,18,60,#
12:23:41,-7.139651333,107.512547,125191,7.91,95.94,305.9,9.28,2942,0,0.04,-0.14,1.09,-3.23,-7.93,1.16,-85.64,21.04,26.29,-6.22,-1.48,-63.23,18,60,#
12:23:46,-7.139651333,107.512547,124806,7.91,95.94,246.7,9.3,2146,0,0.08,-0.06,1.14,-4.88,-5.8,1.71,-81.73,20.33,29.18,-7.7,-3.87,-58.73,18.1,61,#
12:23:48,-7.139651333,107.512547,124778,7.91,95.94,274.1,9.36,2550,0,0.04,-0.2,0.97,1.71,3.36,-2.69,-83.56,24.07,26.16,-4.1,-0.09,-57.12,18.1,60,#
12:23:49,-7.139618,107.5125977,124693,0.85,59.71,269.2,9.55,2576,0,-0.02,0.05,0.9,-1.53,1.53,26.25,-82.57,29.11,26.21,-5.59,-2.74,-47.34,18.1,60,#
12:23:50,-7.139618333,107.5125962,124618,1,59.71,255.9,9.82,2534,0,0.13,-0.14,0.93,-27.65,-15.08,9.4,-75.03,34.77,26.99,-11.5,-6.69,-23.53,18.2,61,#
12:23:51,-7.139619167,107.5125957,124580,0.63,59.71,265,9.83,2602,0,0.28,-0.31,0.96,21.91,2.75,120.12,-40.19,7.99,15.91,-13.76,-9.13,33.33,18.4,64,#
12:23:53,-7.139628833,107.5125902,124580,2.06,189,305.8,9.82,2910,0,0.14,-0.44,0.93,-0.06,-10.13,49.56,-64.57,62,-171.96,-33.33,52.45,18.6,74,#,
12:23:57,-7.139637833,107.5125848,124571,1.06,184.76,186.3,10.03,1750,0,0.49,-0.1,-0.87,-21.12,-13.31,-2.62,-90.52,-13.71,-22.54,-173.8,-27.88,41.88,18.7,69,#
12:23:59,-7.1396355,107.5125808,124571,1.94,184.76,312.1,9.89,2936,0,0.38,-0.09,-0.92,0.24,-4.46,2.5,-93.69,-11.39,-21.18,-175.27,-21.45,33.59,18.7,69,#
12:24:00,-7.139629667,107.512578,124580,1.89,184.76,258.1,9.94,2566,0,0.28,-0.11,-0.95,-3.66,-12.76,4.64,-96.89,-11.71,-19.47,-175.44,-16.41,29.82,18.9,65,#
12:24:01,-7.139626333,107.5125783,124580,1.28,184.76,248.1,9.96,2370,0,0.31,-0.08,-0.94,0,1.22,1.16,-95.2,-11.78,-20.46,-176.47,-18.01,28.97,18.9,65,#
12:24:02,-7.139634833,107.5125833,124580,1.2,184.76,249.2,9.96,2504,0,0.35,-0.11,-0.95,-0.55,2.5,3.78,-93.7,-11.46,-20.84,-174.78,-53,19.3,60,#,
12:24:08,-7.139626167,107.5125673,124590,1.43,231.2,256,9.99,2506,0,0.3,-0.16,-0.94,-6.1,-0.73,15.69,-96.12,-10.16,-19.74,-170.93,-17.72,20.24,19.4,59,#
12:24:09,-7.139628833,107.5125658,124590,0.91,231.2,242.6,10.03,2360,0,0.25,-0.03,-0.98,-8.91,-1.89,37.05,-99.73,16.83,-21.89,-178.73,-14.25,-20.81,19.4,59,#
12:24:10,-7.139624167,107.5125615,124590,1.06,231.2,304.6,9.96,3038,0,0.46,-0.03,-0.89,-3.17,10.44,10.19,-92.54,19.69,-25.57,179.69,-25.74,-25.68,19.5,58,#
12:24:12,-7.139622667,107.512562,124590,0.63,231.2,261,10.01,2578,0,0.44,-0.05,-0.89,0.24,-1.77,1.53,-91.49,22.6,-25.66,-177.8433.95,19.6,57,#,,
12:24:16,-7.139622333,107.5125642,124608,0.72,187.27,226.4,10.06,2264,0,0.44,0.21,-0.84,0.12,3.72,-22.83,-95.62,11.21,-26.35,165.43,-27.12,3.7,19.7,57,#
12:24:18,-7.139625333,107.5125685,124608,0.39,187.27,247,10.04,2442,0,0.46,0.29,-0.83,-1.28,-1.83,-0.85,-94.15,7.85,-27.36,160.88,-28,12.33,19.8,57,#
12:24:19,-7.1396265,107.5125692,124608,0.48,187.27,264.8,10.02,2618,0,0.47,0.24,-0.84,1.83,2.14,2.2,-94.02,9.99,-27.07,162.770333,124608,0.28,187.27,257.6,10.04
12:24:21,-7.139625667,107.5125728,124590,0.44,187.27,244.6,10.05,2458,0,0.48,-0.22,-0.86,21.06,3.48,-14.59,-91.12,17.87,-26.85,-169.85,-24.7,-35..80,60,#,
12:24:26,-7.139628,107.512571,124543,0.35,187.27,174.8,10.15,1772,0,0.17,0.02,-0.99,2.44,0,-0.12,-102.35,15.46,-18.61,177.11,-10.4,-13.94,19.9,58,#
12:24:27,-7.139626167,107.5125703,124543,0.8,277.85,248.2,10.06,2496,0,0.18,0.03,-0.97,0.67,-2.99,-0.98,-101.3,17.01,-18.65,176.69,-10.4,-15.99,19.9,58,#
12:24:28,-7.1396245,107.5125697,124543,0.72,291.58,261.4,10.06,2638,0,0.18,0.04,-0.97,-2.2,2.62,2.56,-101.79,16.59,-18.8,176.28,-10.18,-17.13,20,57,#
12:24:29,-7.139629667,107.5125743,124552,2.28,168.13,264,10.05,2642,0,0.21,0.05,-0.96,-0.06,-0.06,-2.2,-100.81,18.52,-19.29,175.52,-11.5,-18.17,20,57,#
12:24:31,-7.139628167,107.5125765,124552,0.5,168.13,248.4,10.08,2480,0,0.18,0.04,-0.97,-2.32,-1.22,-0.31,-101.34,18.48,-18.6,175.69,-10.1,55,#,,
12:24:35,-7.1396205,107.5125667,124552,1.13,255.71,180.3,10.17,1862,0,0.16,0.04,-0.98,0.18,-1.22,0.37,-100.31,19.64,-17.95,176.19,-9.11,-22.66,20.1,55,#
12:24:37,-7.139621,107.5125717,124552,0.69,199.61,259.1,10.09,2434,0,0.12,0.05,-0.98,-1.65,-7.87,-0.49,-102.67,19.35,-17.39,175.94,-7.65,-22.36,20.1,55,#
12:24:38,-7.139621167,107.512573,124552,0.37,199.61,261.7,10.08,2618,0,0.17,0.02,-0.98,1.22,4.58,4.21,-99.33,21.09,-18.5,177.21,-10.22,-26.06,20.2,55,#
12:24:39,-7.139621333,107.5125748,124552,0.35,199.61,256.3,10.08,2578,0,0.24,0.06,-0.95,4.39,5.62,0,-97.94,20.45,-18.99,175.83,-12.99,-27.37,20.2,55,#
12:24:40,-7.1396205,107.512575,124552,0.3,199.61,256.9,10.08,2586,0,0.16,0.06,-0.98,3.17,-2.32,-3.48,-99.19,20.6,-18.23,175.68,-10.07,-26.1,,,
12:24:45,-7.139627333,107.5125852,124552,0.76,238.23,161.2,10.21,1690,0,0.2,0.04,-0.97,-0.24,-1.34,-0.61,-99.6,20.44,-19.07,175.92,-11.83,-27.38,20.3,56,#
12:24:46,-7.139625333,107.5125872,124543,1.31,339.57,260.5,10.09,2618,0,0.21,0.04,-0.96,0.61,-1.04,0.79,-97.65,22.91,-19.12,176.07,-11.96,-27.85,20.4,56,#
12:24:47,-7.139623833,107.5125882,124543,0.39,339.57,254.2,10.1,2566,0,0.17,0.03,-0.95,-3.05,-2.62,3.78,-99.55,22.39,-18.28,175.86,-10.09,-27.5,20.4,56,#
12:24:48,-7.139622167,107.5125838,124543,1.11,339.57,264.6,10.09,2468,0,0.21,0.03,-0.98,-3.11,-2.56,-2.87,-97.86,22.62,-19.36,176.65,-11.92,-28.86,20.4,56,#
12:24:50,-7.1396165,107.5125797,124543,0.5,332.96,259.3,10.1,2598,0,0.2,0.03,-0.97,-0.24,0,-0.31,-100.05,22.86,-19.26,176.63,-11.5,56,#,,
12:24:54,-7.139607167,107.5125725,124543,0.15,326.89,179.7,10.2,1842,0,0.21,0.01,-0.98,0.06,-0.18,-0.55,-99,20.41,-19.37,177.58,-11.85,-29.06,20.6,56,#
12:24:56,-7.139604833,107.5125723,124552,0.24,326.89,264.3,10.1,2592,0,0.19,0.02,-0.97,1.53,-2.2,-0.61,-99.54,22.09,-19.3,177.35,-11.35,-28.68,20.6,56,#
12:24:57,-7.139604667,107.5125723,124552,0.41,326.89,259,10.11,2618,0,0.21,0.01,-0.97,-0.49,0,-0.12,-97.71,23.08,-19.63,177.82,-11.8,-29.26,20.6,56,#
12:24:58,-7.139597833,107.5125718,124552,1.06,326.89,240.6,10.13,2478,0,0.22,0.06,-0.97,-3.05,4.15,-12.08,-99.84,20.61,-19.29,175.48,-13.03,-25.83,20.6,56,#
12:25:04,-7.139587333,107.5125658,124552,0.94,325.69,177.9,10.22,1816,0,0.23,0.07,-0.97,0,0.55,-0.24,-97.76,21.95,-19.13,174.95,-13.52,-30.25,20.8,56,#
12:25:05,-7.139586167,107.5125707,124552,1.78,325.69,260.8,10.12,2596,0,0.19,0.07,-0.95,-6.41,-6.04,-2.69,-98.16,23.71,-18.19,173.68,-11.64,-30.69,20.8,56,#
12:25:06,-7.139589167,107.5125737,124552,0.74,325.69,255.6,10.13,2588,0,0.08,0.07,-0.99,4.03,-5.68,0.79,-100.73,22.2,-15.28,174.28,-5.42,-28.58,20.9,55,#
12:25:07,-7.13959,107.5125743,124552,0.3,325.69,262.4,10.12,2582,0,0.05,0.02,-1,1.04,2.26,2.38,-101.76,22.49,-15.36,177.51,-3.41,-29.88,20.9,55,#
12:25:13,-7.139590167,107.512579,124552,0.13,359.45,182.3,10.22,1832,0,0.27,0.09,-0.95,1.71,4.33,-1.46,-99.91,15.62,-20.24,171.97,-14.63,-11.84,21,56,#
12:25:14,-7.139583833,107.5125758,124552,3.41,294.82,261.8,10.13,2638,0,-0.02,0.24,-0.96,-0.31,-5.43,-9.95,-106.39,12.94,-12.09,165.72,0.54,-5,21.1,56,#
12:25:17,-7.1395835,107.5125817,124543,1.35,9.03,242.6,10.16,2468,0,-0.05,0.21,-0.95,5.25,7.26,2.01,-104.74,10.54,-12.82,166.7,0.75,-3.66,21.1,56,#
12:25:24,-7.1395855,107.5125995,124543,1.33,66.92,196.1,10.22,2026,0,0.32,0.18,-0.92,-1.46,-4.39,0.18,-97.98,14.25,-21.37,166.61,-17.41,-5.4,21.2,56,#
12:25:25,-7.139586167,107.5126025,124552,1.52,103.05,283.1,10.12,2832,0,0.27,0.26,-0.94,-1.04,-3.23,1.77,-99.22,15.39,-19.55,163.1,-14.53,-4.94,21.2,56,#
12:25:26,-7.139583833,107.5126002,124552,0.44,103.05,277.8,10.12,2782,0,0.25,0.37,-0.9,-15.26,0.18,-7.45,-98.96,16.92,-17.94,155.65,-13.58,-4.34,21.3,55,#
12:25:27,-7.139586833,107.5126028,124552,0.09,103.05,266.3,10.14,2624,0,0.21,0.48,-0.85,-3.17,4.21,-1.83,-100.78,16.51,-17.34,149.34,-12.05,1.06,21.3,55,#
12:25:29,-7.139588167,107.5126032,124561,0.17,53.83,284.3,10.12,2844,0,0.24,0.43,-0.8,-7.87,1.53,-6.9,-100.89,16.61,-18.58,147.85,-13.58,3.08,21.3,55,#
12:25:35,-7.139594,107.5126038,124552,0.17,53.83,199.6,10.24,2058,0,0.01,0.46,-0.95,-5.74,-6.29,36.99,-106.43,12.82,-10.7,156.42,2.54,-4.09,21.5,54,#
12:25:36,-7.139595,107.5126042,124543,0.41,53.83,282.5,10.14,2842,0,0.08,0.23,-0.94,10.62,-7.08,-9.03,-103.23,15.58,-13.49,163.27,-2.9,-10.85,21.5,54,#
12:25:37,-7.139594333,107.5126028,124543,1.15,53.83,279.8,10.14,2850,0,-0.13,0.23,-0.95,-0.12,-28.2,-2.38,-108,14.35,-7.72,165.3,8.27,-10.13,21.6,54,#
12:25:38,-7.1395965,107.5126027,124543,0.96,111.32,285.2,10.14,2844,0,-0.05,0.18,-1,-13.92,15.44,13.98,-106.41,11.55,-12.12,167.39,1.7,-6.82,21.5,54,#
12:25:39,-7.139595833,107.5126028,124552,0.15,111.32,284.7,10.14,2838,0,-0.03,0.21,-0.96,15.69,8.61,-2.99,-104.53,14.38,-12.16,166.85,0.73,-9.17,21.5,54,#
12:25:45,-7.139598333,107.512597,124552,0.11,252.77,200.4,10.26,2008,0,0.06,0.24,-0.96,-11.84,10.8,-3.11,-105.23,18.37,-9.43,162.47,2.76,-16.75,21.7,54,#
12:25:46,-7.139599,107.5125985,124561,0.81,156.38,278.4,10.15,2838,0,0.03,0.27,-0.93,0.55,6.47,5.37,-105.38,18.13,-12.01,163.82,-0.4,-16.25,21.8,54,#
12:25:48,-7.139598333,107.512596,124552,0.17,180.15,265.6,10.17,2674,0,0.16,0.18,-0.93,-1.95,1.71,2.44,-102.63,18.13,-16.35,167.82,-8.25,-18.8,21.8,54,#
12:25:49,-7.139597667,107.5125973,124552,0.31,180.15,272.8,10.17,2700,0,0.17,0.14,-1.04,-1.65,6.84,-1.89,-102.54,20.08,-14.02,170.08,-3.91,-22.47,22,54,#
12:25:50,-7.139597167,107.5126048,124552,2.74,97.06,279.6,10.14,2868,0,0.14,0.19,-0.95,5.62,7.32,4.82,-100.51,19.52,-15.65,169.34,-8.43,-23.96,22,54,#
12:25:56,-7.139592,107.512611,124552,0.13,89.1,0.3,4.49,4,0,0.39,0.15,-0.92,-0.06,9.89,8.36,-98.11,13.44,-21.65,169.33,-21.08,-12.1,22.7,52,#
12:25:57,-7.139591333,107.5126117,124552,0.15,89.1,0.6,4.26,4,0,0.34,0.1,-0.94,-2.2,-0.85,-1.4,-99.34,15.37,-20.25,171.79,-19.61,-14.88,22.9,50,#
12:25:58,-7.1395875,107.5126175,124552,3.57,89.1,-0.8,4.36,0,0,0.24,0.15,-0.95,-3.91,-18.8,-3.3,-102.01,13.41,-18.69,169.55,-14.1,-11.53,23,49,#
12:25:59,-7.139581333,107.5126132,124552,2.19,63.56,0.4,4.36,4,0,0.22,0.13,-0.96,0.61,1.46,1.04,-101.81,13.64,-18.18,170.87,-12.52,-12.53,23,49,#
12:26:01,-7.1395785,107.512609,124561,0.02,63.56,0.6,4.38,4,0,0.26,0.06,-0.96,2.38,6.16,8.85,-102.73,15.38,-18.85,174.01,-13.68,-17.41,23,48,#
12:26:02,-7.1395795,107.5126082,124543,0.87,136.39,0.3,4.35,4,0,0.21,0.05,-0.96,1.46,0.92,2.32,-102.18,15.57,-17.85,175.07,-12.49,-17.31,23,48,#
12:26:08,-7.139586,107.512581,124561,0.31,256.17,0.9,4.49,4,0,0.08,0.08,-0.99,2.87,12.15,-7.26,-105.77,17.69,-13.26,172.85,-4.14,-20.91,23.3,49,#
12:26:09,-7.1395855,107.5125848,124552,0.59,256.17,0.4,4.36,4,0,0.13,0.06,-1,0.24,11.35,-1.28,-105.22,14.94,-14.47,174.75,-5.86,-17.76,23.2,51,#
12:26:10,-7.139588333,107.5125892,124561,0.17,256.17,0.6,4.3,4,0,0.19,0.1,-0.91,-4.94,-3.91,0.79,-101.93,15.09,-17.11,174.1,-11.93,-16.69,23.2,51,#
12:26:11,-7.139593167,107.5125973,124561,4.85,186.97,0.8,4.37,4,0,0.15,0.19,-0.95,-1.4,19.17,-4.39,-104.69,14.22,-13.73,168.2,-6.04,-11.07,23.4,4997,0.4
12:26:14,-7.139595167,107.5126005,124561,1.69,173.51,0.3,4.36,0,0,0.28,0.21,-0.97,10.86,24.17,-3.85,-103.77,13.61,-15.74,168.66,-9.71,-8.69,23.5,48,#
12:26:19,-7.139595167,107.5126087,124571,4.22,144.9,173.6,11.21,1982,0,-0.12,0.23,-1.11,-1.77,-128.42,-7.81,-105.06,14.2,-14.57,164.03,-4.31,-7.4,23.5,48,#
12:26:21,-7.139589333,107.5126032,124561,0.74,144.9,258.9,11.15,2910,0,0.09,0.32,-0.92,-0.06,7.81,2.62,-105.46,14.19,-14.28,163.25,-3.71,-6.67,23.6,48,#
12:26:22,-7.139582333,107.512604,124580,0.52,144.9,258,11.16,2838,0,-0.01,0.32,-0.94,5.25,-5.31,-1.04,-105.66,16.14,-11.27,161.59,0.45,-11.38,23.6,48,#
12:26:23,-7.139587333,107.512602,124571,0.74,144.9,266.7,11.14,2730,0,-0.09,0.31,-0.98,-2.14,6.35,2.81,-107.13,15.24,-9.06,160.2,4.27,-10.73,23.5,47,#
12:26:24,-7.1395905,107.5126015,124571,1.02,144.9,296.2,11.13,3264,0,0.09,0.25,-0.96,6.96,34.42,3.17,-103.9,14.43,-15.34,164.73,-6.09,-6.79,23.5,47,#
12:26:30,-7.139599833,107.5126073,124571,0.65,144.9,185.1,11.26,2074,0,0.43,0.2,-0.86,7.08,0.12,-7.63,-95.6,11.08,-24.65,164.88,-25.75,-0.31,23.4,47,#
12:26:31,-7.1396015,107.5126073,124580,0.33,144.9,243,11.19,2720,0,0.39,0.21,-0.94,2.81,-27.71,-7.2,-95.66,15.08,-23.04,164.55,-23.08,-8.34,23.4,47,#
12:26:32,-7.139602667,107.5126088,124580,0.37,144.9,252.7,11.17,2930,0,0.4,0.35,-0.85,-7.26,-2.44,-5.98,-96.24,17.95,-21.29,156.86,-21.9,-7.24,23.4,47,#
12:26:34,-7.139582167,107.5126027,124590,1.67,144.9,255.6,11.17,2848,0,0.42,0.49,-0.96,-17.88,-11.72,-16.3,-99.6,21.08,-18.7,156.83,-17.48,-12.13,23.4,47,#
12:26:35,-7.139568167,107.512608,124599,1.09,144.9,251.2,11.18,2772,0,0.18,0.33,-0.91,3.05,2.26,0.43,-102.37,18.43,-16.12,159.11,-9.94,-,#,,
12:26:40,-7.139582667,107.5126268,124590,1.72,111.26,175.9,11.27,1976,0,0.22,0.31,-0.92,-3.78,-1.46,1.28,-100.87,13.39,-19.15,159.59,-13.79,-5.75,23.5,47,#
12:26:41,-7.139583833,107.5126268,124590,0.3,111.26,262.5,11.16,2878,0,0.19,0.21,-0.96,0.06,3.17,-3.17,-102.61,10.86,-18.89,165.79,-11.27,-5.52,23.6,47,#
12:26:42,-7.139584833,107.5126232,124599,0.57,111.26,267.2,11.15,2978,0,0.23,0.16,-0.94,5.07,5.31,1.16,-100.62,9.25,-19.32,169.12,-11.97,-5.6,23.6,47,#
12:26:43,-7.139582667,107.512624,124599,0.28,111.26,261.5,11.16,2854,0,0.23,0.23,-0.91,-3.6,0.79,4.7,-100.75,12.6,-19.67,165.38,-13.1,-6.11,23.6,46,#
12:26:44,-7.139580167,107.5126225,124599,0.2,111.26,299.5,11.12,3270,0,0.23,0.1,-0.96,5.8,4.76,2.08,-100.85,9.57,-20.22,170.57,-13.47,-6.55,23.6,46,#
12:26:46,-7.139581,107.5126375,124599,0.39,99.8,243.3,11.18,2746,0,0.25,0.19,-0.93,3.66,-0.85,1,-15.9,51.31,-64.71,95.28,23.7,46,#,,
12:26:51,-7.139580333,107.5126353,124637,0.37,99.8,169.9,11.26,1946,0,-0.37,-0.14,1.04,-2.5,-35.64,47.3,-73.03,34.01,27.26,-4.92,15.23,-41.08,23.7,46,#
12:26:54,-7.139556,107.5126332,124608,6.93,99.8,156.6,11.28,1822,0,-0.15,-0.08,0.91,-34.36,39.06,19.23,-62.74,35.5,22.41,-0.78,6.34,-72,23.7,47,#
12:26:57,-7.139567667,107.5126355,124552,1.06,92.91,205,11.21,2314,0,-0.02,-0.13,1.02,-9.34,18.86,-9.52,-45.57,16.86,24.03,-6.88,3.02,-49.33,23.6,47,#
12:27:00,-7.139587833,107.5126303,124552,3.35,92.91,166.6,11.26,1890,0,-0.06,-0.07,1,0.06,0,0,-47.26,17.06,24.41,-5.7,3.41,-64.28,23.6,47,#
12:27:02,-7.139593667,107.512627,124552,0.26,92.91,168.9,11.26,1890,0,-0.06,-0.07,1,0,0,0,-46.52,17.19,24.35,-5.76,3.41,-67.2,23.5,48,#
12:27:05,-7.139606667,107.5126265,124533,0.04,92.91,166.3,11.23,1908,0,-0.04,-0.05,1,0,-0.92,0.98,-46.22,15.17,24.16,-5.77,3.4,-68.38,23.6,48,#
12:27:08,-7.139600333,107.5126558,124524,1.39,78.99,165.2,11.24,1822,0,-0.07,-0.07,1,0,0.06,1.16,-46.08,15.32,24.47,-5.77,3.39,-69.09,23.5,47,#
12:27:11,-7.1396245,107.5126525,124524,0.52,78.99,210,11.18,2294,0,-0.05,-0.05,1.01,0.18,-0.24,3.05,-45.16,15.39,24.46,-5.77,3.38,-69.13,23.4,47,#
12:27:14,-7.139637,107.5126265,124524,2.06,78.99,157.2,11.24,1890,0,-0.05,-0.11,0.99,0,0.73,0.06,-45.88,15.31,24.77,-5.77,3.38,-68.65,23.4,48,#
12:27:16,-7.139640667,107.5126267,124533,0.17,78.99,170.6,11.22,1900,0,-0.05,-0.06,1,-0.31,0,-1.65,-45.62,15.75,24.14,-5.77,3.36,-68.45,23.3,48,#
12:27:19,-7.139653167,107.5126167,124543,0.11,78.99,169.3,11.22,1874,0,-0.06,-0.07,1,-0.06,-1.4,0.06,-45.86,15.11,24.55,-5.76,3.42,-69.03,23.3,48,#
12:27:22,-7.139655167,107.5126587,124561,1.41,63.24,169.3,11.22,1904,0,0.65,0.03,0.74,-0.43,-0.37,0.49,-40.59,10.84,-2.7,-1.43,-40.28,-64.06,23.2,48,#
12:27:25,-7.139652,107.5126503,124552,0.46,342.58,190.4,11.21,2124,0,0.66,0.02,0.74,0,0.12,0,-40.52,12.74,-2.45,-0.67,-41.39,-66.33,23.2,48,#
12:27:27,-7.139627667,107.51265,124561,2.78,342.58,152.8,11.26,1746,0,-0.1,-0.07,1,0,0.06,-0.18,-45.46,11.11,25.68,-5.58,3.98,-70.89,23.2,48,#
12:27:30,-7.139620833,107.5126525,124599,1.43,342.58,158.7,11.25,1756,0,0.13,0.06,0.67,-100.59,-28.81,194.89,-42.51,-2.66,21.06,-7.78,-2.6,-53.93,23.3,48,#
12:27:33,-7.139615167,107.5126577,124571,2.35,342.58,155.4,11.26,1730,0,-0.08,0.09,0.95,-16.6,-22.58,49.26,-87.8,-21.85,24.79,3.38,5.07,-22.46,23.3,49,#
12:27:36,-7.139591667,107.5126485,124571,1.85,342.58,170.9,11.24,1904,0,-0.03,-0.01,1.16,35.83,17.33,-5.13,-54.64,-15.46,26.44,0.01,10.74,-108.65,23.3,48,#
12:27:39,-7.139585833,107.5126618,124524,4.52,344.55,215.3,11.18,2356,0,-0.07,0.02,1,-0.85,-0.61,0.85,-49.67,-12.38,25.42,1.53,4.85,-107.63,23.4,50,#
12:27:41,-7.139589,107.5126685,124514,2.8,4.19,171.2,11.24,1910,0,-0.08,0.05,1,-0.43,0.55,-3.97,-49.75,-12.49,25.21,0.96,4.64,-106.24,23.4,48,#
12:27:44,-7.1395895,107.5126637,124524,1.28,4.19,167.8,11.24,1898,0,-0.08,0.04,1,0,0,0.43,-50.23,-14.44,25.03,0.87,4.64,-107.57,23.4,49,#
12:27:47,-7.139584833,107.5126827,124524,1.59,4.19,176.7,11.21,1908,0,-0.1,0.05,0.99,-0.73,-1.1,-1.22,-49.96,-14.36,24.73,0.86,4.58,-107.82,23.5,49,#
12:27:50,-7.139589833,107.5126793,124514,0.37,4.19,155.2,11.22,1894,0,-0.09,0.03,0.98,0.06,-0.73,-0.31,-50.12,-14.27,24.86,0.85,4.6,-107.81,23.5,48,#
12:27:52,-7.139588333,107.5126645,124505,0.22,4.19,159.3,11.23,1708,0,-0.08,0.06,1,-0.49,-1.59,0.18,-50.08,-14.16,24.98,0.85,4.54,-107.84,23.5,48,#
12:27:55,-7.139574167,107.5126445,124496,4.8,307.91,135.6,11.25,1524,0,-0.04,0.05,1.01,0.55,4.21,0.24,-50.08,-14.16,24.93,0.88,4.61,-107.8,23.5,48,#
12:27:58,-7.139572333,107.5126473,124496,0.72,30.71,210,11.16,2304,0,-0.09,0.05,1,0.06,5.74,-0.49,-50.14,-14.27,25,0.91,4.7,-107.83,23.5,49,#
12:28:04,-7.139580333,107.5126017,124505,0.5,264.28,153.3,11.21,1746,0,-0.09,0.06,0.99,-0.61,-1.71,-0.31,-50.27,-13.82,24.93,0.9,4.59,-107.79,23.4,48,#
12:28:09,-7.139586833,107.5125792,125267,3.26,258.24,172.3,10.56,1770,0,-0.04,0.08,0.96,8.3,-1.89,0,-43.71,-27.4,25.77,-1.24,-0.81,-117.59,23.4,48,#
12:28:12,-7.139586833,107.5125792,125831,3.26,258.24,223.7,10.41,2340,0,0,-0.04,0.98,1.71,-0.18,0.12,-43.01,-27.9,25.44,-2.74,-1.23,-120.09,23,47,#
12:28:15,-7.139586833,107.5125792,126029,3.26,258.24,183.7,10.56,1916,0,0,0.09,0.99,-11.72,5.37,-0.31,-44.64,-27.1,24.64,-1.21,-3.87,-119.11,22.6,46,#
12:28:17,-7.139543333,107.5126923,125991,3.26,258.24,164.9,10.5,1890,0,0.1,0.09,1.04,26.12,-7.87,2.81,-44.26,-23.47,28.34,7,-2.03,-118.59,22,47,#
12:28:20,-7.139543333,107.5126923,125906,3.26,258.24,160.5,10.53,1724,0,0.03,0.02,1.08,-1.4,-6.47,1.71,-47.01,-26.21,24.91,-2.07,-0.21,-118.47,21.4,48,#
12:28:23,-7.139543333,107.5126923,125906,3.26,258.24,165.3,10.53,1730,0,0.05,-0.04,1,-0.67,5.62,-1.22,-46.96,-27.06,24.43,-1.9,-1.24,-119.08,21.1,51,#
12:28:26,-7.139543333,107.5126923,125944,3.26,258.24,225.6,10.4,2320,0,-0.02,0.02,1.01,-4.39,-7.87,0,-49,-28.62,25.93,-2.79,0.29,-118,21,53,#
12:28:29,-7.139543333,107.5126923,125935,3.26,258.24,178.9,10.42,1864,0,-0.02,0.02,0.89,-6.41,5.49,-0.49,-47.9,-29.44,24.97,-4.64,-1.18,-118.91,20.9,53,#
12:28:31,-7.139543333,107.5126923,125991,3.26,258.24,185.7,10.37,1878,0,0.06,-0.01,1.06,0.92,9.7,-0.73,-46.48,-29.5,25.67,-3.7,0.62,-120.53,20.8,54,#
12:28:34,-7.139543333,107.5126923,126001,3.26,258.24,185.2,10.37,1880,0,0.01,0.03,1.05,5.74,-2.93,-1.1,-45.82,-29.64,24.55,-4.95,-0.32,-121.33,20.7,54,#
12:28:37,-7.139543333,107.5126923,126019,3.26,258.24,165.8,10.3,1704,0,0.01,0.08,0.96,-18.07,-4.94,-0.18,-44.61,-24.88,29.06,4.99,-1.59,-121.59,20.5,54,#
12:28:40,-7.139543333,107.5126923,126029,3.26,258.24,207.6,10.3,2126,0,0,0.06,0.85,0.06,-5.74,0,-46.72,-28.21,25.57,-2.96,-0.69,-120.4,20.3,54,#
12:28:43,-7.139543333,107.5126923,126048,3.26,258.24,188.7,10.3,1910,0,-0.02,-0.01,1.06,-3.72,0.06,-0.73,-45.36,-22.01,31.24,12.67,-0.49,-121,20.2,54,#
12:28:45,-7.139543333,107.5126923,126029,3.26,258.24,186.1,10.29,1872,0,0,-0.26,0.99,1.53,4.76,1.34,-46.25,-27.83,25.61,-4.65,-1.47,-118.5,20.1,55,#
12:28:48,-7.139543333,107.5126923,126019,3.26,258.24,184.4,10.16,1864,0,0.07,-0.08,1.14,-7.63,-9.52,2.01,-44.69,-30.65,26.2,-4.74,0.18,-119.67,19.9,55,#
12:28:51,-7.139543333,107.5126923,126396,3.26,258.24,183.7,10.18,1874,0,-0.01,0.06,0.99,6.35,-2.26,1.83,-46.08,-30.89,25.43,-3.69,0.81,-121.63,19.8,55,#
12:28:54,-7.139543333,107.5126923,126528,3.26,258.24,222.4,10.2,2362,0,-0.02,-0.54,1.05,-8.79,-0.37,0.18,-46.49,-28.83,26.03,-3.04,-0.35,-121.39,19.6,55,#
12:28:56,-7.139543333,107.5126923,126509,3.26,258.24,183.2,10.24,1852,0,-0.04,0.04,1.03,3.05,-4.94,-1.16,-46.14,-28.41,24.41,-5.86,-0.87,-120.89,19.5,56,#
12:28:59,-7.139543333,107.5126923,126509,3.26,258.24,182.9,10.21,1852,0,-0.06,0.02,1.01,28.63,4.33,-1.04,-46,-31.44,20.86,-8.62,0.41,-121.52,19.4,56,#
12:29:02,-7.139543333,107.5126923,126528,3.26,258.24,181.1,10.24,1874,0,0.01,-0.03,1.01,9.58,-1.46,1.83,-44.14,-28.27,23.77,-1.6,-7.2,-120.06,19.4,57,#
12:29:05,-7.139543333,107.5126923,126528,3.26,258.24,179.8,10.22,1864,0,-0.06,0.01,0.93,9.58,5.19,-2.5,-46.7,-25.49,28.14,4.74,1.99,-121.56,19.1,57,#
12:29:08,-7.139543333,107.5126923,126528,3.26,258.24,180.6,10.21,1894,0,-0.05,0.08,1.02,4.03,-5.37,0,-46.4,-27.91,25.62,-4.61,-1.16,-118.38,19.1,57,#
12:29:10,-7.139543333,107.5126923,126594,3.26,258.24,198,10.02,1884,0,-0.06,0,1.15,-8.91,-1.95,-0.24,-43.3,-29.21,25.65,-6.68,-1.94,-120.77,18.9,58,#
12:29:13,-7.139543333,107.5126923,126763,3.26,258.24,237.8,10.15,2300,0,-0.02,-0.02,0.93,1.89,5.68,2.93,-45.82,-28.1,23.93,-5.8,-3.96,-118.76,18.9,58,#
12:29:16,-7.139543333,107.5126923,126678,3.26,258.24,183.6,10.18,1842,0,0.03,0.16,0.93,-3.48,3.42,2.38,-49.45,-28.87,24.69,-7.16,0.53,-118.07,18.7,58,#
12:29:19,-7.139543333,107.5126923,126707,3.26,258.24,186.1,10.19,1844,0,-0.03,0.04,1.04,-20.87,18.8,-2.01,-46.15,-24,28.49,-0.2,-1.62,-120.45,18.9,58,#
12:29:21,-7.139543333,107.5126923,126584,3.26,258.24,183.3,10.32,1844,0,-0.13,0.12,0.82,-38.15,24.05,1.71,-53.34,-29.02,22.53,-14,2.16,-116.25,18.7,59,#
12:29:24,-7.139543333,107.5126923,126584,3.26,258.24,176.1,10.24,1762,0,-0.09,-0.02,0.99,-2.01,-3.17,-9.22,-46.78,-26.68,23.25,0.15,-7.75,-120.99,18.6,59,#
12:29:27,-7.139543333,107.5126923,126650,3.26,258.24,226.9,10.11,2274,0,-0.19,0.04,0.85,0.92,8.3,4.7,-47.77,-26.96,25.44,0.19,1.03,-116.96,18.6,59,#
12:29:30,-7.139543333,107.5126923,126631,3.26,258.24,167.9,10.23,1708,0,0.09,0.16,1.04,10.86,22.89,2.44,-46.8,-25.35,25.81,2.38,-0.32,-120.82,18.5,59,#
12:29:35,-7.139543333,107.5126923,126678,3.26,258.24,164.2,10.11,1690,0,-0.05,0.15,1,2.69,-4.7,4.46,-45.72,-26.92,27.63,-0.94,-2.3,-118.27,18.4,59,#
12:29:38,-7.139543333,107.5126923,126688,3.26,258.24,173,10.15,1766,0,-0.06,0.01,1.13,1.04,1.59,0,-47.41,-26.69,26.95,-1.98,0.6,-120.78,18.3,60,#
12:29:41,-7.139543333,107.5126923,126744,3.26,258.24,221.7,10.07,2242,0,-0.12,0.1,0.87,0.43,-9.4,-0.37,-46.38,-27.13,26.52,-0.89,1.43,-121.76,18.3,60,#
12:29:44,-7.139543333,107.5126923,126697,3.26,258.24,168.6,10.19,1694,0,-0.14,0.05,0.93,3.3,2.44,-0.61,-46.04,-25.92,26.32,0.01,2.11,-122.06,18.3,59,#
12:29:47,-7.139543333,107.5126923,126791,3.26,258.24,183.9,10.18,1858,0,-0.06,0.02,0.93,8.42,-3.42,1.04,-41.39,-19.67,27.74,-2.01,7.31,-127.8,18.4,59,#
12:29:49,-7.139543333,107.5126923,126490,3.26,258.24,177.1,10.13,1822,0,-0.07,0.12,1.19,4.39,-5.19,0.67,-40.07,-22.24,25.46,-3.64,2.93,-118.14,18.4,59,#
12:29:52,-7.139543333,107.5126923,126763,3.26,258.24,195.6,9.83,1848,0,-0.04,-0.17,1.08,11.23,-0.85,-3.85,-34.13,-23.95,26.89,-0.97,1.19,-122.6,18.3,60,#
12:29:55,-7.139543333,107.5126923,127046,3.26,258.24,232.2,10,2258,0,-0.07,0.16,0.93,7.2,-4.09,-1.4,-42.37,-18.13,27.27,-0.98,3.6,-120.21,18.4,60,#
12:29:58,-7.139543333,107.5126923,127149,3.26,258.24,171.7,10.11,1848,0,-0.06,0,0.94,-15.81,-20.69,-3.97,-45.18,-18.32,30.64,-2.02,13.56,-115.27,18.3,60,#
12:30:00,-7.139543333,107.5126923,127121,3.26,258.24,188.7,10.04,1874,0,-0.1,-0.04,0.92,3.78,-9.34,0.06,-40.2,-20.58,26.23,-2.98,2.3,-116.32,18.3,60,#
12:30:03,-7.139543333,107.5126923,127102,3.26,258.24,185.4,10.05,1858,0,0,-0.07,0.89,4.46,15.44,0.79,-39.1,-19.73,26.8,-1.42,2.9,-116.17,18.2,60,#
12:30:06,-7.139543333,107.5126923,127121,3.26,258.24,186.3,10.07,1868,0,-0.09,0.03,0.93,-0.61,10.25,-1.46,-39.52,-20.56,25.57,-0.99,3.24,-117.77,18.3,60,#
12:30:12,-7.139543333,107.5126923,127027,3.26,258.24,187.2,10.08,1884,0,-0.04,-0.09,0.91,2.44,-8.48,-0.43,-97.03,-6.32,27.03,-3,-2.71,-10.74,18.2,60,#
12:30:14,-7.139543333,107.5126923,127291,3.26,258.24,172.9,10.07,1688,0,0.09,-0.15,0.99,-2.56,2.01,4.64,-93.42,-3.72,28.71,-2.93,-4.49,-11.24,18.2,60,#
12:30:17,-7.139543333,107.5126923,127329,3.26,258.24,183.8,10.1,1848,0,0.14,-0.09,1.08,19.84,-4.64,-3.23,-94.64,-3.4,28.09,-5.83,-5.19,-8.28,18.3,60,#
12:30:20,-7.139543333,107.5126923,127385,3.26,258.24,173.6,10.11,1734,0,0.05,-0.02,0.92,2.93,-5.19,0.67,-95.1,-0.98,27.55,-4.6,-3.78,-6.92,18.3,60,#
12:30:23,-7.139543333,107.5126923,127329,3.26,258.24,182.8,10.09,1862,0,0.05,0.09,0.91,-31.98,-37.48,2.75,-96.25,0.81,28.05,-8.94,-5.07,-3.99,18.4,60,#
12:30:25,-7.139543333,107.5126923,127489,3.26,258.24,159.5,10.18,1590,0,0.31,0.01,1.05,7.51,17.4,3.78,-93.85,-0.88,28.73,-4.97,-5.15,-4.97,18.4,60,#
12:30:28,-7.139543333,107.5126923,127442,3.26,258.24,226.2,9.98,2224,0,0.4,0.01,1.02,-4.33,-6.65,0.18,-93.76,0.8,28.5,-4.92,-4.7,-2.3,18.5,60,#
12:30:31,-7.139543333,107.5126923,127489,3.26,258.24,168.7,10.05,1674,0,0.05,-0.09,1.1,1.53,9.4,4.64,-91.82,1.15,29.28,-6.52,-6.31,-1.9,18.5,60,#
12:30:34,-7.139543333,107.5126923,127394,3.26,258.24,189.3,10.04,1934,0,-0.06,-0.08,0.97,-0.61,3.72,-0.85,-94.89,0.99,28.77,-4.48,-4.24,-2.75,18.5,60,#
12:30:37,-7.139543333,107.5126923,127385,3.26,258.24,184.9,10.12,1852,0,0.12,0.01,0.98,27.77,18.98,-2.56,-93.77,2.28,28.69,-2.51,-6.37,-1.32,18.6,60,#
12:30:39,-7.139543333,107.5126923,127366,3.26,258.24,173,10.1,1746,0,0.08,0.01,0.94,2.62,-20.45,0.92,-94.72,-0.51,28.18,-2.93,-5.75,-6.3,18.5,60,#
12:30:42,-7.139543333,107.5126923,127404,3.26,258.24,222.3,9.95,2218,0,0.07,0.09,1.02,-6.9,-9.77,1.34,-95.62,-1.97,27,-3.53,-2.93,-7.61,18.6,60,#
12:30:45,-7.139543333,107.5126923,127423,3.26,258.24,189,10.01,1862,0,-0.1,-0.09,0.99,-2.01,0.24,-0.98,-95.14,-0.82,27.07,-5.84,-2.6,-6.17,18.6,60,#
12:30:48,-7.139543333,107.5126923,127526,3.26,258.24,172.7,10.02,1694,0,0.09,-0.11,0.98,-4.64,-6.65,1.16,-94.52,1.02,27.86,-6.54,-4.2,-3.72,18.6,60,#
12:30:50,-7.139543333,107.5126923,127479,3.26,258.24,186,9.99,1854,0,0.16,-0.17,1.1,-6.04,-45.23,-0.85,-96.22,-1.54,24.47,-5.77,-0.1,-6.39,18.5,60,#
12:30:53,-7.139543333,107.5126923,127668,3.26,258.24,186.3,10.03,1872,0,0.21,0.05,1.06,0.18,16.54,0,-95.92,0.26,26.29,-4.66,-1.05,-6.77,18.5,60,#
12:30:56,-7.139543333,107.5126923,127800,3.26,258.24,227.5,9.97,2254,0,0.15,0.01,1.14,3.66,-3.23,1.65,-92.94,-0.99,30.11,-7.71,-7.56,-7.18,18.5,60,#
12:30:59,-7.139543333,107.5126923,127828,3.26,258.24,185.9,10.04,1874,0,0.27,-0.04,0.96,-39.25,3.6,1.83,-94.02,-7.72,27.71,-15.9,-3.38,-8.94,18.5,60,#
12:31:02,-7.139543333,107.5126923,127838,3.26,258.24,183.3,10.07,1844,0,0.12,0.09,1,-7.02,-5.86,0.61,-96.54,2.8,26.23,-6.73,-1.57,-1.44,18.7,60,#
12:31:04,-7.139543333,107.5126923,127828,3.26,258.24,183,10.02,1832,0,-0.02,-0.26,1.15,3.36,-2.69,-1.34,-95.72,2.37,28.37,-2.1,-5.21,-4.49,18.5,60,#
12:31:07,-7.139543333,107.5126923,127800,3.26,258.24,168.5,10.05,1664,0,0.13,0.22,1.01,-13.61,-31.13,-3.48,-98.23,-4.65,24.83,-14.77,-0.51,-7.38,18.4,60,#
12:31:10,-7.139543333,107.5126923,127838,3.26,258.24,209.6,9.94,2144,0,0.15,0.06,0.94,-2.14,2.75,5.25,-96.95,-1.82,25.82,-3.82,0.48,-9.79,18.5,60,#
12:31:13,-7.139543333,107.5126923,127941,3.26,258.24,187.5,9.88,1806,0,-0.05,-0.2,1,6.71,-10.62,-2.38,-91.8,-8.41,28.73,-19.16,-8.27,-6.61,18.5,60,#
12:31:15,-7.139543333,107.5126923,127904,3.26,258.24,168.8,10,1684,0,-0.02,-0.07,0.94,-17.21,-7.14,-4.7,-94.21,3.12,27.88,6.09,-4.32,-8.99,18.5,60,#
12:31:18,-7.139543333,107.5126923,127951,3.26,258.24,184.6,9.97,1798,0,0.27,0.09,0.9,-11.23,-4.58,4.52,-92.89,-1.52,28.97,-6.53,-5.64,-7.42,18.4,60,#
12:31:21,-7.139543333,107.5126923,127913,3.26,258.24,189.7,9.9,1836,0,0.04,-0.06,0.82,7.26,3.17,0.61,-92.63,-2.4,28.93,-5.66,-5.65,-7.3,18.3,60,#
12:31:24,-7.139543333,107.5126923,127894,3.26,258.24,186.3,9.88,1858,0,0.09,-0.21,1.1,0.73,0.79,3.72,-93.05,-2.4,28.83,-6.33,-5.19,-7.42,18.3,60,#
12:31:27,-7.139543333,107.5126923,127904,3.26,258.24,170.9,9.86,1678,0,0.08,-0.01,1.03,32.59,12.33,0.98,-90.02,-6.94,29.37,-14.28,-6.19,-6.7,18.3,60,#
12:31:32,-7.139543333,107.5126923,127856,3.26,258.24,188.9,9.87,1838,0,0.02,-0.12,1.05,-1.65,6.23,-2.08,-93.37,-3.26,28.55,-6.93,-4.41,-11.11,18.3,60,#
12:31:35,-7.139543333,107.5126923,127875,3.26,258.24,171.6,9.97,1832,0,0.23,0.03,1.09,-3.85,10.01,-1.04,-93.71,-3.7,28.29,-6.9,-5.7,-11.82,18.3,60,#
12:31:38,-7.139543333,107.5126923,127875,3.26,258.24,158.2,9.9,1626,0,-0.02,-0.12,1,2.26,-7.2,0.61,-94.17,-1.31,28.38,-3.76,-4.41,-9.85,18.2,60,#
12:31:40,-7.139906,107.5124197,127885,8.04,282.6,179.2,9.84,1714,0,0.1,-0.14,1.07,-36.25,0.85,1.22,-92.27,-4.43,28.38,-9.43,-5.15,-9.82,18.2,60,#
12:31:43,-7.139906,107.5124197,127922,8.04,282.6,236.8,9.76,2262,0,0.06,-0.1,1.07,-0.73,20.2,-2.56,-91.62,-4.21,28.56,-5.08,-4.8,-10.57,18.2,60,#
12:31:46,-7.139906,107.5124197,127781,8.04,282.6,188.6,9.91,1836,0,0.05,-0.14,1.01,-4.52,2.26,2.26,-93.57,-4.71,29.94,-8.7,-7.56,-14.28,18.2,60,#
12:31:49,-7.139889167,107.5123447,127828,8.04,282.6,183.5,9.87,1844,0,0.09,0,0.98,-8,-21.3,-3.78,-96.17,0,27.25,-3.96,-4.02,-9.08,18.2,60,#
12:31:52,-7.139877167,107.5123297,127913,7.3,295.89,164.5,9.84,1684,0,0.12,-0.09,0.97,-6.1,-7.75,-2.62,-92.97,-2.57,29.12,-2.61,-6.89,-10.93,18.2,60,#
12:31:54,-7.139877167,107.5123297,127856,7.3,295.89,175.3,9.81,1762,0,0.12,-0.06,0.98,-5.31,3.97,1.28,-91.99,-3.52,28.88,-4.54,-5.49,-8.93,18.2,61,#
12:31:57,-7.139877167,107.5123297,127875,7.3,295.89,229.9,9.74,2222,0,0.27,-0.03,1.04,-6.1,4.7,6.53,-91.07,-2.84,29.76,-3.99,-6.96,-10.22,18.2,60,#
12:32:00,-7.139877167,107.5123297,127866,7.3,295.89,187.5,9.82,1798,0,0.23,-0.04,1.06,-7.26,13.18,1.65,-92.96,-3.69,28.93,-6.06,-5,-11.74,18.1,60,#
12:32:03,-7.139877167,107.5123297,127885,7.3,295.89,171,9.84,1642,0,0.3,0.01,0.97,20.08,-6.1,2.14,-93.19,-6.87,27.93,-8.53,-4.1,-11.44,18.1,60,#
12:32:06,-7.139877167,107.5123297,127904,7.3,295.89,170.7,9.92,1644,0,0.05,-0.14,1.06,4.82,-1.04,2.14,-92.97,-4.33,29.43,-2.72,-7.31,-15.47,18.1,60,#
12:32:08,-7.139877167,107.5123297,127922,7.3,295.89,171.8,9.89,1694,0,0.01,-0.09,0.97,1.4,7.51,6.47,-94.1,-3.38,27.42,-6.92,-3.3,-11.37,18,61,#
12:32:11,-7.139877167,107.5123297,127941,7.3,295.89,212.4,9.8,2044,0,0.03,-0.18,1.02,41.93,8.73,0.18,-92.74,-3.65,29.11,-2.04,-7.14,-13.39,18,61,#
12:32:14,-7.139877167,107.5123297,127922,7.3,295.89,190.9,9.77,1822,0,0.09,-0.19,1.07,26.55,3.97,-4.09,-92.62,-9.17,27.66,-17.01,-5.94,-12.78,18,61,#
12:32:17,-7.139877167,107.5123297,127894,7.3,295.89,175.1,9.71,1798,0,-0.02,0,1.13,-12.88,20.57,-2.62,-92.02,-5.1,29.79,-10.06,-4.21,-13.49,17.9,61,#
12:32:19,-7.139877167,107.5123297,127885,7.3,295.89,170.7,9.83,1652,0,0.1,-0.2,0.99,1.1,-7.39,-2.14,-91.58,-5.78,29.61,-6.96,-5.8,-16.59,18,61,#
12:32:22,-7.139877167,107.5123297,127866,7.3,295.89,186.1,9.8,1812,0,0.21,-0.01,1.11,6.65,-4.21,2.5,-92.02,-5.68,29.16,-5.59,-6.06,-16.65,18,61,#
12:32:25,-7.139877167,107.5123297,127922,7.3,295.89,237.6,9.78,2300,0,-0.03,-0.19,0.94,0.55,-6.47,5.07,-91.76,-6.09,30.12,-6.49,-7.71,-18.27,18,61,#
12:32:28,-7.139877167,107.5123297,127941,7.3,295.89,190.9,9.74,1796,0,0.35,0.03,0.96,-22.16,-2.99,-1.4,-95.01,0.85,26.49,2.41,-4.37,-15.74,18,61,#
12:32:31,-7.139877167,107.5123297,127904,7.3,295.89,190.1,9.8,1792,0,0.03,-0.17,0.91,38.15,-18.43,-2.75,-94.3,-3.91,28.14,-3.49,-5.83,-17.36,18,61,#
12:32:33,-7.139877167,107.5123297,127894,7.3,295.89,189.6,9.81,1826,0,0.08,-0.07,1.1,5.31,11.17,5.62,-93.34,-2.37,29.05,-5.07,-5.45,-17.3,18,61,#
12:32:36,-7.139877167,107.5123297,127875,7.3,295.89,190.6,9.76,1822,0,0.08,-0.06,1,-2.56,11.9,-2.26,-93.83,-3.88,28.15,-4.94,-4.26,-16.25,18,61,#
12:32:39,-7.139877167,107.5123297,127885,7.3,295.89,192.2,9.8,1842,0,0.14,-0.07,1.07,1.95,4.64,5.92,-93.54,-4.41,28.22,-5.19,-4.87,-16.68,18,61,#
12:32:42,-7.139877167,107.5123297,127856,7.3,295.89,172.3,9.8,1718,0,0,-0.14,1.07,15.01,12.82,2.26,-92.76,-6,28.32,-7.66,-4.65,-16,18,61,#
12:32:44,-7.139737167,107.5120098,127847,1.33,140923,228.6,9.69,2166,0,0.27,0.04,1,-8.36,1.83,-0.61,-95.49,-3.54,28.28,-6.58,-4.17,-15.94,18.1,61,#
12:32:47,-7.139737167,107.5120098,127828,1.33,140923,184.9,9.75,1818,0,0.22,0.1,0.94,17.09,2.81,-2.26,-93.4,-5.22,28.21,-3.04,-4.33,-16.41,18.1,61,#
12:32:50,-7.139737167,107.5120098,127866,1.33,140923,185.1,9.78,1828,0,0.13,0.01,1.1,-3.36,-0.37,4.7,-93.08,-5.31,29.2,-6,-6.71,-18.84,18.1,61,#
12:32:53,-7.139737167,107.5120098,127819,1.33,140923,185.9,9.78,1790,0,0.24,0.13,1.14,2.93,-29.91,-0.31,-93.13,-2.69,27.41,-2.86,-3.4,-17.9,18,61,#
12:32:56,-7.139737167,107.5120098,127866,1.33,140923,175.7,9.76,1714,0,0.14,0.02,0.93,-53.22,8.97,2.2,-92.37,-8.83,28.57,-10.29,-7.43,-21.3,18,61,#
12:32:58,-7.139737167,107.5120098,127951,1.33,140923,224.4,9.74,2192,0,-0.12,-0.07,0.88,-10.99,-6.16,-2.01,-95.43,1.26,25.96,5.29,0.54,-16.56,18,61,#
12:33:01,-7.139737167,107.5120098,127875,1.33,140923,186.3,9.64,1808,0,0.13,0,1.05,-6.84,-49.62,-2.69,-89.3,-5.86,32.16,-5.7,-15.27,-17.89,18,61,#
12:33:04,-7.139737167,107.5120098,127828,1.33,140923,190.5,9.77,1832,0,-0.03,-0.16,1.07,-3.05,0,-3.91,-93.78,-5.91,28.81,-6.27,-5.52,-20.53,18,61,#
12:33:07,-7.139737167,107.5120098,127800,1.33,140923,186.6,9.88,1808,0,0.13,-0.11,0.91,-9.22,-10.19,-8.67,-96.54,-4.31,26.43,-3.73,-1.94,-21.52,18,61,#
12:33:09,-7.139737167,107.5120098,127875,1.33,140923,179,9.86,1734,0,0.16,-0.16,1.09,0.92,-0.06,2.26,-94.41,-6.49,28.14,-5.69,-5.16,-23.36,18.1,61,#
12:33:12,-7.139737167,107.5120098,127866,1.33,140923,231.6,9.76,2242,0,0.03,-0.03,0.97,-4.39,-27.83,-3.23,-89.2,-6,32.82,-3.05,-20.46,-23.8,18,61,#
12:33:15,-7.139737167,107.5120098,127866,1.33,140923,188.2,9.82,1816,0,0.31,0.04,0.99,5.37,-5.55,1.04,-92.85,-7.09,29.59,-4.04,-7.39,-24.5,18.1,61,#
12:33:18,-7.139737167,107.5120098,127932,1.33,140923,192.1,9.75,1864,0,-0.01,-0.19,1.08,8.91,0.24,-2.01,-92.93,-8.88,27.86,-5.26,-5.17,-24.69,18.1,61,#
12:33:21,-7.139737167,107.5120098,127894,1.33,140923,186,9.77,1806,0,0.15,-0.01,0.97,2.56,17.82,1.28,-91.26,-9.14,30.13,-6.42,-9.93,-26.27,18.1,61,#
12:33:43,-7.139737167,107.5120098,127790,1.33,140923,191.1,9.79,1838,0,0.08,-0.1,1.06,15.32,-4.64,-4.58,-96.2,-4.09,26.67,-5.78,-3.2,-23.31,18,61,#
12:35:03,-7.138723833,107.5120808,127866,5.09,17.81,176.4,9.62,1632,0,0.23,-0.1,0.83,-2.08,-9.52,0.49,-93.22,-6.64,27.33,-11.85,-3.42,-19,18.1,60,#
12:35:06,-7.138723833,107.5120808,127885,5.09,17.81,192.9,9.59,1792,0,0.16,-0.25,0.99,0.49,10.68,4.82,-91.63,-6.89,28.69,-8.48,-6.75,-18.7,18.2,60,#
12:35:09,-7.138723833,107.5120808,127875,5.09,17.81,16*,12:35:12,-7.138723833,107.5120808,127856,5.09,17.81,188.7,9.5,1766,0,0.03,-0.23,1.07,-4.27,-10.13,-4.88,-95.87,-7.36
12:35:15,-7.138723833,107.5120808,127847,5.09,17.81,216.4,9.54,2038,0,0.03,-0.12,1.07,9.09,16.72,-0.37,-91.67,-7.37,28.7,-7.99,-5.44,-19.63,18.2,60,#
12:35:17,-7.138723833,107.5120808,127856,5.09,17.81,190.6,9.55,1818,0,0.25,-0.09,1.08,25.45,17.15,0.12,-93.33,-5.8,29.01,-1.66,-5.98,-23.68,18.1,60,#
12:35:20,-7.138723833,107.5120808,127932,5.09,17.81,192.4,9.52,1808,0,0.11,0,0.92,-14.1,-40.89,5.19,-93.99,-6.25,27.7,-7.6,-5.96,-20.64,18.1,60,#
12:35:23,-7.138723833,107.5120808,127941,5.09,17.81,191.5,9.53,1822,0,0.12,-0.07,0.97,1.22,-1.46,-1.04,-94.14,-6.61,25.57,-9.03,-1.63,-19.05,18.1,60,#
12:35:26,-7.138723833,107.5120808,127894,5.09,17.81,179.2,9.45,1694,0,0.17,-0.47,1.06,-1.46,0,-2.2,-93.25,-8.96,27.16,-11.67,-2.61,-21.63,18.1,60,#
12:35:29,-7.138723833,107.5120808,127922,5.09,17.81,235.6,9.43,2252,0,-0.05,-0.03,0.97,-1.22,-1.46,-1.77,-93.01,-8.09,27.25,-11.14,-2.5,-23.12,18.1,60,#
12:35:31,-7.138723833,107.5120808,127904,5.09,17.81,194,9.5,1832,0,0.1,-0.64,1.1,5.13,15.99,1.83,-93.09,-8.46,26.44,-13.04,-1.25,-22.73,18,61,#
12:35:34,-7.138723833,107.5120808,127904,5.09,17.81,196.2,9.49,1822,0,-0.09,-0.05,1.1,5.55,0.31,0.12,-93.45,-8.74,26.9,-14.24,-1.88,-22.74,18,60,#
12:35:37,-7.138723833,107.5120808,127913,5.09,17.81,175.8,9.52,1690,0,-0.06,0,0.99,-1.22,-4.58,-2.32,-93.59,-8.48,26.45,-11.28,-2.74,-24,18,60,#
12:35:40,-7.138723833,107.5120808,127885,5.09,17.81,195.8,9.5,1802,0,-0.09,0,0.9,6.41,-10.74,-2.01,-92.12,-8.67,26.91,-9.77,-2.7,-23.94,18,60,#
12:35:42,-7.138723833,107.5120808,127875,5.09,17.81,234.6,9.52,2196,0,0.13,-0.08,1.09,0.61,-6.35,0.61,-93.33,-8.34,27.32,-7.69,-3.22,-23.96,18,60,#
12:35:45,-7.138723833,107.5120808,127904,5.09,17.81,195.2,9.52,1818,0,0.08,-0.38,1.06,1.34,10.62,1.77,-93.19,-8.04,27.04,-8.3,-2.2,-24.43,18,60,#
12:35:48,-7.138723833,107.5120808,127941,5.09,17.81,196.4,9.45,1822,0,-0.01,-1.39,1,2.14,5.55,1.59,-91.8,-9.08,27.26,-12.83,-2.54,-23.15,17.9,60,#
12:35:51,-7.138723833,107.5120808,127922,5.09,17.81,195.9,9.48,1792,0,0.1,-0.17,1.04,-6.23,-13.49,0.12,-95.85,-8.94,26.73,-11.52,-4.66,-24.79,18,60,#
12:35:54,-7.138723833,107.5120808,127932,5.09,17.81,199.9,9.44,1842,0,0.09,-0.16,1.13,0.24,-15.01,-1.71,-92.92,-7.79,27.08,-15.73,-2.75,-23.53,17.9,61,#
12:35:56,-7.138723833,107.5120808,127913,5.09,17.81,197.7,9.33,1802,0,-0.03,0.03,1.01,-3.11,-16.17,-2.81,-90.6,-9.62,28.69,-11.35,-3.1,-26.48,17.9,61,#
12:35:59,-7.138723833,107.5120808,127998,5.09,17.81,184.5,9.68,1750,0,-0.01,-0.13,0.76,-3.48,0.18,-3.97,-96.7,-6.56,26.99,-7.83,-4.91,-30.94,17.9,61,#
12:36:02,-7.138723833,107.5120808,127932,5.09,17.81,239.8,9.44,2258,0,0,-0.12,0.9,2.5,-8.12,-0.61,-92.98,-8.18,28.39,-7.08,-6.44,-27.19,17.8,61,#
12:36:05,-7.138723833,107.5120808,127734,5.09,17.81,193,9.62,1816,0,0.03,-0.04,1.02,-13.67,-6.96,2.26,-95.18,-4.2,27.49,-7.48,-5.8,-23.23,17.9,61,#
12:36:07,-7.138723833,107.5120808,127357,5.09,17.81,191.7,9.7,1816,0,0.08,-0.04,1.04,1.65,-1.46,-1.46,-97.46,-4.16,25.54,-6.45,-1.65,-24.67,17.9,61,#
12:36:10,-7.138723833,107.5120808,126942,5.09,17.81,189.6,9.75,1782,0,-0.08,0.02,0.96,-90.15,7.26,8.67,-97.84,-2.47,26.55,-6.78,-2.98,-27.46,17.8,61,#
12:36:13,-7.138723833,107.5120808,126801,5.09,17.81,179.3,9.74,1700,0,0.06,-0.14,0.91,1.59,28.75,6.65,-96.1,-4.52,26.42,-3.3,-4.11,-25.53,17.8,61,#
12:36:16,-7.138723833,107.5120808,126396,5.09,17.81,236.1,9.7,2222,0,0.11,0,0.97,-10.19,13.18,0,-99.28,-3.44,25.19,-5.2,-1.92,-26.63,17.8,61,#
12:36:19,-7.139537667,107.5124762,126085,4.41,91.19,191.1,9.68,1816,0,-0.01,0.01,0.88,1.4,-0.43,-0.73,-95.54,-5.81,27.23,-5.94,-5.1,-27.24,17.7,61,#
12:36:21,-7.139537667,107.5124762,125718,4.41,91.19,191.6,9.76,1874,0,0.05,-0.06,0.98,21.67,-21.73,36.99,-96.99,2.11,27.71,-9.68,-6.12,-9.68,17.7,61,#
12:36:24,-7.139537667,107.5124762,125737,4.41,91.19,194,9.52,1828,0,0,-0.05,1.03,-24.72,-6.29,-4.52,-85.19,22.47,24.95,-9.72,0.18,26.42,17.8,61,#
12:36:27,-7.139537667,107.5124762,125746,4.41,91.19,180.5,9.56,1718,0,0,-0.07,1.01,15.44,-0.06,0.79,-86.*,12:36:30,-7.139586333,107.5125065,125718,2.82,220.23,209.6,9.49
12:36:32,-7.139594667,107.5125027,125492,1.65,220.23,177.4,9.37,1664,0,-0.03,-0.03,1.15,-6.59,8.54,0.37,-79.45,16.17,27.76,-9.45,-2.17,23.66,17.8,62,#
12:36:35,-7.139594667,107.5125027,125539,1.65,220.23,195.7,9.46,1780,0,0.04,0,0.99,-7.39,0,0.61,-84.61,14.49,31.59,-23.7,-2.56,24.8,17.8,62,#
12:36:38,-7.139594667,107.5125027,125521,1.65,220.23,188.9,9.48,1836,0,-0.02,-0.1,1.06,4.21,-10.5,-6.47,-86.18,18.62,26.64,-16.05,0.97,23.57,17.8,62,#
12:36:44,-7.139594667,107.5125027,125154,1.65,220.23,220.2,9.52,2054,0,0.03,-0.2,0.99,0.85,25.57,-10.07,-86.8,20.98,26.77,-8.43,1.58,22.5,17.9,62,#
12:36:46,-7.139594667,107.5125027,125050,1.65,220.23,180.8,9.42,1626,0,-0.03,-0.89,1.09,0.12,-15.93,1.34,-82.75,16.12,28.93,-10.67,-1.46,23.09,18,62,#
12:36:49,-7.139594667,107.5125027,124843,1.65,220.23,196.8,9.39,1818,0,0.04,-0.12,1.1,6.29,-0.06,-0.67,-81.89,18.54,27.89,-11.09,-1.41,22.06,18,62,#
12:36:52,-7.139594667,107.5125027,124787,1.65,220.23,1*,12:36:55,-7.139581333,107.5125765,124702,1.65,220.23,189.8,9.61,1828,0,-0.06,-0.03,0.84,-4.09,4.94,0.43,-87.26,23.99
12:36:57,-7.139584333,107.5125863,124590,1.2,74.26,213.3,9.95,2244,0,0.09,-0.08,1,0,-0.12,0,-93.8,29.43,26.5,-7.32,-5.09,27.97,18.3,62,#
12:37:00,-7.139589,107.5125777,124590,4.06,316.15,186.4,10.02,1836,0,0.09,-0.08,1,0,0,0,-93.71,28.71,26.68,-6.3,-5.05,27.89,18.4,62,#
12:37:03,-7.1395905,107.5125743,124590,0.22,262.36,171.6,10.07,1674,0,0.09,-0.08,1,0,0,0,-93.81,28.65,26.6,-6.1,-5.04,27.88,18.5,63,#
12:37:06,-7.13959,107.5125783,124580,0.98,331.34,182,10.09,1700,0,0.09,-0.08,1,0,0,0,-93.83,29.44,26.48,-6.06,-5.04,27.88,18.6,63,#
12:37:11,-7.139587333,107.512561,124702,2.2,15,183.9,10.12,1796,0,-0.46,-0.55,-0.72,59.02,31.92,46.33,-86.72,21.81,-25.66,-144.89,30.76,-102.58,18.7,64,#
12:37:14,-7.139591833,107.5125632,124693,2.83,209.11,154.2,10.16,1550,0,-0.67,-0.39,0.46,-1.16,4.94,-29.97,-106.33,-4.02,-11.81,-30.88,51.6,-45.65,18.9,63,#
12:37:17,-7.139610167,107.5125867,124768,4.59,158.52,225.5,10.08,2268,0,-0.5,-0.41,0.53,25.94,10.99,-55.79,-74.75,-31.06,15.13,-26.56,33.11,-125.36,19,62,#
12:37:20,-7.139637833,107.5125968,124674,2.48,161,184.8,10.14,1872,0,-0.51,-0.65,0.58,-1.22,2.2,-4.64,-60.58,-28.78,15.63,-48.76,30.59,-154.88,19,61,#